url_path,views_total,views_unique
/l3af-project/eBPF-Package-Repository,62,24
/l3af-project/eBPF-Package-Repository/tree/main/xdp-root,30,4
/l3af-project/eBPF-Package-Repository/tree/main/ratelimiting,29,11
/l3af-project/eBPF-Package-Repository/tree/main/traffic-mirroring,24,8
/l3af-project/eBPF-Package-Repository/pulls,21,6
/l3af-project/eBPF-Package-Repository/blob/main/xdp-root/xdp_root.c,17,3
/l3af-project/eBPF-Package-Repository/pull/42,15,5
/l3af-project/eBPF-Package-Repository/blob/main/connection-limit/connection_limit_kern.c,13,2
/l3af-project/eBPF-Package-Repository/blob/main/ratelimiting/ratelimiting_user.c,12,6
/l3af-project/eBPF-Package-Repository/pull/41,12,4
